[gd_scene load_steps=35 format=3 uid="uid://dgyrelfj4nws4"]

[ext_resource type="Script" path="res://Bookbearers/Code/Camera3D.gd" id="1_ypa8j"]
[ext_resource type="Material" uid="uid://c5pj6y3xqvsrr" path="res://Bookbearers/Materials/gridmapunderneath.tres" id="2_e4dco"]
[ext_resource type="MeshLibrary" uid="uid://bc7i07lhpc85w" path="res://Bookbearers/Tiles/Tilesturt.tres" id="2_f43eu"]
[ext_resource type="MeshLibrary" uid="uid://dyfm6gy1agqq6" path="res://Bookbearers/Tiles/Tilesturt2.tres" id="3_1y42l"]
[ext_resource type="Script" path="res://Bookbearers/Code/TurtorialFight.gd" id="3_h0tnh"]
[ext_resource type="Material" uid="uid://3s2t06rekbws" path="res://Bookbearers/Materials/player.tres" id="4_ehobq"]
[ext_resource type="Material" uid="uid://waivying8h2e" path="res://Bookbearers/Materials/zandar.tres" id="5_5ofdg"]
[ext_resource type="Texture2D" uid="uid://ctv2ny2uy6may" path="res://Bookbearers/Textures/cloudkrita.png" id="6_g6t1f"]
[ext_resource type="Environment" uid="uid://dl2acpk2i6h63" path="res://Bookbearers/Materials/envirment.tres" id="7_alftl"]
[ext_resource type="ArrayMesh" uid="uid://dhifn2fafftsd" path="res://Bookbearers/Blender/tree.obj" id="10_ubbju"]
[ext_resource type="PackedScene" uid="uid://brux6wtfrbpjx" path="res://Bookbearers/Scenes/grass.tscn" id="11_w6ius"]
[ext_resource type="Texture2D" uid="uid://bknodjdamcv6d" path="res://Bookbearers/Textures/juosta.png" id="12_7ctn7"]
[ext_resource type="Texture2D" uid="uid://bx65irwvrxaki" path="res://Bookbearers/Textures/mousebookbringerfightmodehead.png" id="12_t4u5r"]
[ext_resource type="FontFile" uid="uid://cel5ry8majh6m" path="res://Bookbearers/Textures/KeramiqueScript_PERSONAL_USE_ONLY.otf" id="13_3gvdb"]
[ext_resource type="Texture2D" uid="uid://dxbuf174on1qq" path="res://Bookbearers/Textures/cover.png" id="14_6poqa"]
[ext_resource type="Texture2D" uid="uid://dbr7dojdtxyk1" path="res://Bookbearers/Textures/book.png" id="15_egdp4"]
[ext_resource type="FontFile" uid="uid://mchrktj88wp" path="res://Bookbearers/Textures/font.tres" id="17_q8co7"]

[sub_resource type="BoxShape3D" id="BoxShape3D_qm63p"]

[sub_resource type="PlaneMesh" id="PlaneMesh_eqaxp"]
size = Vector2(32, 32)

[sub_resource type="PlaneMesh" id="PlaneMesh_p0mc2"]
size = Vector2(1.25, 2)

[sub_resource type="BoxShape3D" id="BoxShape3D_3tbtm"]
size = Vector3(1.22839, 0.363525, 1.77177)

[sub_resource type="GDScript" id="GDScript_xvnbr"]
script/source = "extends Camera3D
var using=false;

# Called when the node enters the scene tree for the first time.
func _ready():
	pass # Replace with function body.


"

[sub_resource type="CylinderMesh" id="CylinderMesh_fdhe6"]
height = 0.1

[sub_resource type="StandardMaterial3D" id="StandardMaterial3D_85odk"]
albedo_color = Color(0.0360225, 0.139905, 0.339232, 1)

[sub_resource type="PlaneMesh" id="PlaneMesh_4ajbn"]
size = Vector2(1.25, 2)

[sub_resource type="CylinderMesh" id="CylinderMesh_3c7k3"]
height = 0.1

[sub_resource type="StandardMaterial3D" id="StandardMaterial3D_f8s5n"]
albedo_color = Color(0.0360225, 0.139905, 0.339232, 1)

[sub_resource type="BoxShape3D" id="BoxShape3D_g75up"]
size = Vector3(1.24121, 1, 1.70007)

[sub_resource type="PlaneMesh" id="PlaneMesh_l1e5y"]
size = Vector2(1.25, 2)

[sub_resource type="PlaneMesh" id="PlaneMesh_q6peo"]
size = Vector2(1.25, 2)

[sub_resource type="PlaneMesh" id="PlaneMesh_wvtpb"]
size = Vector2(1.25, 2)

[sub_resource type="BoxShape3D" id="BoxShape3D_ueenk"]
size = Vector3(4.36224, 1.91614, 1.04297)

[sub_resource type="StandardMaterial3D" id="StandardMaterial3D_b61tq"]
shading_mode = 0
albedo_texture = ExtResource("6_g6t1f")
heightmap_enabled = true

[sub_resource type="SphereMesh" id="SphereMesh_v0r45"]
material = SubResource("StandardMaterial3D_b61tq")
flip_faces = true

[node name="Turtorial" type="Node3D"]

[node name="DirectionalLight3D" type="DirectionalLight3D" parent="."]
transform = Transform3D(1, 0, 0, 0, -0.852266, 0.523109, 0, -0.523109, -0.852266, 0, 14.8139, 0)

[node name="StaticBody3D2" type="CharacterBody3D" parent="."]
transform = Transform3D(1, 0, 0, 0, 0.642788, 0.766044, 0, -0.766044, 0.642788, 1, 5, 17.0479)
collision_layer = 128
script = ExtResource("1_ypa8j")

[node name="Camera3D" type="Camera3D" parent="StaticBody3D2"]

[node name="CollisionShape3D" type="CollisionShape3D" parent="StaticBody3D2"]
transform = Transform3D(1, 0, 0, 0, 1, -2.98023e-08, 0, 2.98023e-08, 1, -0.130666, -0.00419044, -0.00366402)
shape = SubResource("BoxShape3D_qm63p")

[node name="MeshInstance3D" type="MeshInstance3D" parent="."]
transform = Transform3D(1, 0, 0, 0, 1, 0, 0, 0, 1, 0, 0.999, 0)
mesh = SubResource("PlaneMesh_eqaxp")
surface_material_override/0 = ExtResource("2_e4dco")

[node name="GridMap2" type="GridMap" parent="."]
mesh_library = ExtResource("3_1y42l")
cell_size = Vector3(2, 1.8, 2)
cell_center_x = false
cell_center_z = false
cell_scale = 17.0
collision_layer = 0
collision_mask = 0
data = {
"cells": PackedInt32Array(1, 3, 131072, 0, 16, 0, 16, 16, 0, 65520, 16, 0, 65520, 0, 1441792, 16, 0, 1441792, 16, 65520, 1441792, 65520, 65520, 1441792, 0, 65520, 1441792, 32, 16, 655360, 32, 0, 655360, 32, 65520, 655360, 65504, 65520, 655360, 65504, 0, 655360, 65504, 16, 655360, 65504, 32, 1441792, 65520, 32, 1441792, 0, 32, 1441792, 16, 32, 1441792, 32, 32, 1441792, 32, 65504, 1441792, 16, 65504, 1441792, 0, 65504, 1441792, 65520, 65504, 1441792, 65504, 65504, 1441792)
}
metadata/_editor_floor_ = Vector3(0, 0, 0)

[node name="GridMap" type="GridMap" parent="."]
mesh_library = ExtResource("2_f43eu")
data = {
"cells": PackedInt32Array(0, 3, 0, 0, 4, 0, 0, 5, 0, 0, 7, 0, 0, 65533, 0, 0, 65532, 0, 0, 65531, 0, 0, 65530, 0, 0, 65529, 0, 0, 65528, 0, 65535, 0, 0, 2, 0, 0, 3, 0, 0, 4, 0, 0, 5, 0, 0, 6, 0, 0, 7, 0, 0, 1, 1, 0, 1, 2, 0, 1, 3, 0, 1, 4, 0, 1, 5, 0, 1, 6, 0, 2, 1, 0, 2, 2, 0, 2, 3, 0, 2, 4, 0, 2, 5, 0, 2, 6, 0, 3, 1, 0, 3, 2, 0, 3, 3, 0, 3, 4, 0, 3, 5, 0, 3, 6, 0, 3, 7, 0, 4, 1, 0, 4, 2, 0, 4, 4, 0, 4, 5, 0, 5, 1, 0, 5, 2, 0, 5, 4, 0, 5, 5, 0, 5, 7, 0, 6, 1, 0, 6, 2, 0, 6, 3, 0, 6, 4, 0, 6, 5, 0, 6, 6, 0, 6, 7, 0, 7, 1, 0, 7, 2, 0, 7, 4, 0, 7, 5, 0, 7, 6, 0, 7, 7, 0, 0, 65534, 0, 1, 65528, 0, 1, 65529, 0, 1, 65530, 0, 1, 65531, 0, 1, 65532, 0, 1, 65533, 0, 1, 65534, 0, 1, 65535, 0, 2, 65528, 0, 2, 65529, 0, 2, 65530, 0, 2, 65531, 0, 2, 65532, 0, 2, 65533, 0, 2, 65534, 0, 2, 65535, 0, 3, 65528, 0, 3, 65529, 0, 3, 65530, 0, 3, 65531, 0, 3, 65532, 0, 3, 65533, 0, 3, 65534, 0, 3, 65535, 0, 4, 65528, 0, 4, 65529, 0, 4, 65530, 0, 4, 65531, 0, 4, 65532, 0, 4, 65533, 0, 4, 65534, 0, 4, 65535, 0, 5, 65528, 0, 5, 65529, 0, 5, 65530, 0, 5, 65531, 0, 5, 65532, 0, 5, 65533, 0, 5, 65534, 0, 5, 65535, 0, 6, 65528, 0, 6, 65529, 0, 6, 65530, 0, 6, 65531, 0, 6, 65532, 0, 6, 65533, 0, 6, 65534, 0, 6, 65535, 0, 7, 65528, 0, 7, 65529, 0, 7, 65530, 0, 7, 65531, 0, 7, 65532, 0, 7, 65533, 0, 7, 65534, 0, 7, 65535, 0, 65534, 0, 0, 65533, 0, 0, 65532, 0, 0, 65530, 0, 0, 65531, 0, 0, 65529, 0, 0, 65528, 0, 0, 65528, 1, 0, 65528, 2, 0, 65528, 3, 0, 65528, 4, 0, 65528, 7, 0, 65529, 6, 0, 65529, 7, 0, 65530, 1, 0, 65530, 2, 0, 65530, 3, 0, 65530, 4, 0, 65530, 5, 0, 65530, 6, 0, 65530, 7, 0, 65531, 1, 0, 65531, 2, 0, 65531, 3, 0, 65531, 4, 0, 65531, 5, 0, 65531, 6, 0, 65531, 7, 0, 65532, 1, 0, 65532, 2, 0, 65532, 3, 0, 65532, 4, 0, 65532, 5, 0, 65532, 6, 0, 65532, 7, 0, 65533, 1, 0, 65533, 2, 0, 65533, 3, 0, 65533, 4, 0, 65533, 5, 0, 65533, 6, 0, 65534, 1, 0, 65534, 2, 0, 65534, 3, 0, 65534, 4, 0, 65534, 5, 0, 65534, 6, 0, 65535, 1, 0, 65535, 2, 0, 65535, 5, 0, 65535, 7, 0, 65528, 65531, 0, 65528, 65532, 0, 65528, 65533, 0, 65528, 65534, 0, 65528, 65535, 0, 65529, 65528, 0, 65529, 65529, 0, 65529, 65530, 0, 65529, 65531, 0, 65529, 65532, 0, 65529, 65533, 0, 65529, 65534, 0, 65529, 65535, 0, 65530, 65528, 0, 65530, 65529, 0, 65530, 65530, 0, 65530, 65531, 0, 65530, 65532, 0, 65530, 65534, 0, 65531, 65528, 0, 65531, 65529, 0, 65531, 65532, 0, 65531, 65533, 0, 65531, 65534, 0, 65531, 65535, 0, 65532, 65528, 0, 65532, 65529, 0, 65532, 65530, 0, 65532, 65531, 0, 65532, 65532, 0, 65532, 65533, 0, 65532, 65534, 0, 65532, 65535, 0, 65533, 65528, 0, 65533, 65529, 0, 65533, 65530, 0, 65533, 65531, 0, 65533, 65532, 0, 65533, 65533, 0, 65533, 65534, 0, 65533, 65535, 0, 65534, 65528, 0, 65534, 65529, 0, 65534, 65530, 0, 65534, 65531, 0, 65534, 65532, 0, 65534, 65533, 0, 65534, 65534, 0, 65534, 65535, 0, 65535, 65528, 0, 65535, 65529, 0, 65535, 65530, 0, 65535, 65531, 0, 65535, 65532, 0, 65535, 65533, 0, 65535, 65534, 0, 65535, 65535, 0, 65529, 5, 0, 65528, 6, 0, 65528, 5, 0, 65529, 4, 0, 65529, 3, 0, 65529, 2, 0, 65529, 1, 0, 65530, 65535, 0, 65530, 65533, 0, 65531, 65531, 0, 65531, 65530, 0, 65528, 65528, 0, 65528, 65529, 0, 65528, 65530, 0, 0, 65535, 0, 5, 6, 0, 1, 7, 0, 2, 7, 0, 4, 3, 0, 5, 3, 0, 7, 3, 0, 65533, 7, 0, 65534, 7, 0, 4, 6, 0, 4, 7, 0, 1, 0, 0, 0, 0, 0, 0, 1, 0, 0, 2, 0, 65535, 3, 0, 65535, 4, 0, 0, 6, 0, 65535, 6, 0)
}
script = ExtResource("3_h0tnh")
metadata/_editor_floor_ = Vector3(0, 1, 0)

[node name="player" type="MeshInstance3D" parent="GridMap"]
transform = Transform3D(1, 0, 0, 0, -4.37114e-08, -1, 0, 1, -4.37114e-08, 1.13615, 1.99648, 14.9435)
mesh = SubResource("PlaneMesh_p0mc2")
skeleton = NodePath("")
surface_material_override/0 = ExtResource("4_ehobq")

[node name="Area3D" type="Area3D" parent="GridMap/player"]

[node name="CollisionShape3D" type="CollisionShape3D" parent="GridMap/player/Area3D"]
shape = SubResource("BoxShape3D_3tbtm")

[node name="Camera3D2" type="Camera3D" parent="GridMap/player"]
transform = Transform3D(1, 0, 0, 0, -0.258819, 0.965926, 0, -0.965926, -0.258819, 0, 1.94, -0.83)
script = SubResource("GDScript_xvnbr")

[node name="MeshInstance3D" type="MeshInstance3D" parent="GridMap/player"]
transform = Transform3D(1, 0, 0, 0, -4.37114e-08, -1, 0, 1, -4.37114e-08, -0.0672609, 0, 0.890777)
mesh = SubResource("CylinderMesh_fdhe6")
surface_material_override/0 = SubResource("StandardMaterial3D_85odk")

[node name="Langeliai" type="Node3D" parent="GridMap"]

[node name="enemy" type="MeshInstance3D" parent="GridMap"]
transform = Transform3D(1, 0, 0, 0, -4.37114e-08, -1, 0, 1, -4.37114e-08, 0.885, 2, -15)
mesh = SubResource("PlaneMesh_4ajbn")
skeleton = NodePath("")
surface_material_override/0 = ExtResource("5_5ofdg")

[node name="Camera3D2" type="Camera3D" parent="GridMap/enemy"]
transform = Transform3D(1, 0, 0, 0, -0.642788, 0.766044, 0, -0.766044, -0.642788, 0, 1.35, -1.65)

[node name="Label3D" type="Label3D" parent="GridMap/enemy"]
transform = Transform3D(1, 0, 0, 0, -4.37114e-08, 1, 0, -1, -4.37114e-08, -0.117857, 0, -0.924268)
visible = false
text = "1"

[node name="MeshInstance3D" type="MeshInstance3D" parent="GridMap/enemy"]
transform = Transform3D(1, 0, 0, 0, -4.37114e-08, -1, 0, 1, -4.37114e-08, 0.115, 0, 0.97907)
mesh = SubResource("CylinderMesh_3c7k3")
surface_material_override/0 = SubResource("StandardMaterial3D_f8s5n")

[node name="EnemyArea3D" type="Area3D" parent="GridMap/enemy"]

[node name="CollisionShape3D" type="CollisionShape3D" parent="GridMap/enemy/EnemyArea3D"]
transform = Transform3D(1, 0, 0, 0, 1, 0, 0, 0, 1, 0.120605, 0, 0.133606)
shape = SubResource("BoxShape3D_g75up")

[node name="enemy2" type="MeshInstance3D" parent="GridMap"]
transform = Transform3D(1, 0, 0, 0, -4.37114e-08, -1, 0, 1, -4.37114e-08, -1.12, 2, -15)
mesh = SubResource("PlaneMesh_l1e5y")
skeleton = NodePath("")
surface_material_override/0 = ExtResource("5_5ofdg")

[node name="Camera3D2" type="Camera3D" parent="GridMap/enemy2"]
transform = Transform3D(1, 0, 0, 0, -0.642788, 0.766044, 0, -0.766044, -0.642788, 0, 1.35, -1.65)

[node name="Label3D" type="Label3D" parent="GridMap/enemy2"]
transform = Transform3D(1, 0, 0, 0, -4.37114e-08, 1, 0, -1, -4.37114e-08, -0.117857, 0, -0.924268)
visible = false
text = "1"

[node name="MeshInstance3D" type="MeshInstance3D" parent="GridMap/enemy2"]
transform = Transform3D(1, 0, 0, 0, -4.37114e-08, -1, 0, 1, -4.37114e-08, 0.12, 0, 0.97907)
mesh = SubResource("CylinderMesh_3c7k3")
surface_material_override/0 = SubResource("StandardMaterial3D_f8s5n")

[node name="Enemy2Area3D" type="Area3D" parent="GridMap/enemy2"]

[node name="CollisionShape3D" type="CollisionShape3D" parent="GridMap/enemy2/Enemy2Area3D"]
transform = Transform3D(1, 0, 0, 0, 1, 0, 0, 0, 1, 0.120605, 0, 0.133606)
shape = SubResource("BoxShape3D_g75up")

[node name="enemy3" type="MeshInstance3D" parent="GridMap"]
transform = Transform3D(1, 0, 0, 0, -4.37114e-08, -1, 0, 1, -4.37114e-08, 0.88, 2, -12.8)
mesh = SubResource("PlaneMesh_q6peo")
skeleton = NodePath("")
surface_material_override/0 = ExtResource("5_5ofdg")

[node name="Camera3D2" type="Camera3D" parent="GridMap/enemy3"]
transform = Transform3D(1, 0, 0, 0, -0.642788, 0.766044, 0, -0.766044, -0.642788, 0, 1.35, -1.65)

[node name="Label3D" type="Label3D" parent="GridMap/enemy3"]
transform = Transform3D(1, 0, 0, 0, -4.37114e-08, 1, 0, -1, -4.37114e-08, -0.117857, 0, -0.924268)
visible = false
text = "1"

[node name="MeshInstance3D" type="MeshInstance3D" parent="GridMap/enemy3"]
transform = Transform3D(1, 0, 0, 0, -4.37114e-08, -1, 0, 1, -4.37114e-08, 0.12, 0, 0.97907)
mesh = SubResource("CylinderMesh_3c7k3")
surface_material_override/0 = SubResource("StandardMaterial3D_f8s5n")

[node name="Enemy3Area3D" type="Area3D" parent="GridMap/enemy3"]

[node name="CollisionShape3D" type="CollisionShape3D" parent="GridMap/enemy3/Enemy3Area3D"]
transform = Transform3D(1, 0, 0, 0, 1, 0, 0, 0, 1, 0.120605, 0, 0.133606)
shape = SubResource("BoxShape3D_g75up")

[node name="enemy4" type="MeshInstance3D" parent="GridMap"]
transform = Transform3D(1, 0, 0, 0, -4.37114e-08, -1, 0, 1, -4.37114e-08, -1.115, 2, -12.8)
mesh = SubResource("PlaneMesh_wvtpb")
skeleton = NodePath("")
surface_material_override/0 = ExtResource("5_5ofdg")

[node name="Camera3D2" type="Camera3D" parent="GridMap/enemy4"]
transform = Transform3D(1, 0, 0, 0, -0.642788, 0.766044, 0, -0.766044, -0.642788, 0, 1.35, -1.65)

[node name="Label3D" type="Label3D" parent="GridMap/enemy4"]
transform = Transform3D(1, 0, 0, 0, -4.37114e-08, 1, 0, -1, -4.37114e-08, -0.117857, 0, -0.924268)
visible = false
text = "1"

[node name="MeshInstance3D" type="MeshInstance3D" parent="GridMap/enemy4"]
transform = Transform3D(1, 0, 0, 0, -4.37114e-08, -1, 0, 1, -4.37114e-08, 0.115, 0, 0.97907)
mesh = SubResource("CylinderMesh_3c7k3")
surface_material_override/0 = SubResource("StandardMaterial3D_f8s5n")

[node name="Enemy4Area3D" type="Area3D" parent="GridMap/enemy4"]

[node name="CollisionShape3D" type="CollisionShape3D" parent="GridMap/enemy4/Enemy4Area3D"]
transform = Transform3D(1, 0, 0, 0, 1, 0, 0, 0, 1, 0.120605, 0, 0.133606)
shape = SubResource("BoxShape3D_g75up")

[node name="StaticBody3D3" type="StaticBody3D" parent="."]
transform = Transform3D(43.36, 0, 0, 0, 43.36, 0, 0, 0, 43.36, 0, 0, -49.8416)
collision_mask = 128

[node name="CollisionShape3D" type="CollisionShape3D" parent="StaticBody3D3"]
transform = Transform3D(1, 0, 0, 0, 1, 0, 0, 0, 1, 0.215, 0.458, 2.2)
shape = SubResource("BoxShape3D_ueenk")

[node name="CollisionShape3D2" type="CollisionShape3D" parent="StaticBody3D3"]
transform = Transform3D(1, 0, 0, 0, 1, 0, 0, 0, 1, 0.215, 0.458, 0.08)
shape = SubResource("BoxShape3D_ueenk")

[node name="CollisionShape3D3" type="CollisionShape3D" parent="StaticBody3D3"]
transform = Transform3D(-4.37114e-08, 0, 1, 0, 1, 0, -1, 0, -4.37114e-08, -1.1, 0.458, 1.045)
shape = SubResource("BoxShape3D_ueenk")

[node name="CollisionShape3D4" type="CollisionShape3D" parent="StaticBody3D3"]
transform = Transform3D(-4.37114e-08, 0, 1, 0, 1, 0, -1, 0, -4.37114e-08, 1.1, 0.458, 1.045)
shape = SubResource("BoxShape3D_ueenk")

[node name="WorldEnvironment" type="WorldEnvironment" parent="."]
environment = ExtResource("7_alftl")

[node name="MeshInstance3D" type="MeshInstance3D" parent="WorldEnvironment"]
transform = Transform3D(500, 0, 0, 0, 500, 0, 0, 0, 500, -11.3278, 87.8008, -5.20008)
mesh = SubResource("SphereMesh_v0r45")

[node name="DirectionalLight3D2" type="DirectionalLight3D" parent="."]
transform = Transform3D(1, 0, 0, 0, 0.737266, 0.675603, 0, -0.675603, 0.737266, 0, 14.8139, 0)

[node name="MultiMeshInstance3D" type="MultiMeshInstance3D" parent="."]
transform = Transform3D(1, 0, 0, 0, 1, 0, 0, 0, 1, -22.3755, 2.90121, 1.37123)

[node name="Tree10" type="MeshInstance3D" parent="MultiMeshInstance3D"]
transform = Transform3D(1, 0, 0, 0, 1, 0, 0, 0, 1, 4.70877, 0, 1.77129)
mesh = ExtResource("10_ubbju")
skeleton = NodePath("../..")

[node name="Tree25" type="MeshInstance3D" parent="MultiMeshInstance3D"]
transform = Transform3D(0.939997, 0, 0.341184, 0, 1, 0, -0.341184, 0, 0.939997, 4.22816, 0, 15.583)
mesh = ExtResource("10_ubbju")
skeleton = NodePath("../..")

[node name="Tree26" type="MeshInstance3D" parent="MultiMeshInstance3D"]
transform = Transform3D(0.939997, 0, 0.341184, 0, 1, 0, -0.341184, 0, 0.939997, 6.08305, 0, 17.2331)
mesh = ExtResource("10_ubbju")
skeleton = NodePath("../..")

[node name="Tree27" type="MeshInstance3D" parent="MultiMeshInstance3D"]
transform = Transform3D(0.939997, 0, 0.341184, 0, 1, 0, -0.341184, 0, 0.939997, 4.59577, 0, 19.562)
mesh = ExtResource("10_ubbju")
skeleton = NodePath("../..")

[node name="Tree28" type="MeshInstance3D" parent="MultiMeshInstance3D"]
transform = Transform3D(0.939997, 0, 0.341184, 0, 1, 0, -0.341184, 0, 0.939997, 5.36114, 0, 21.6707)
mesh = ExtResource("10_ubbju")
skeleton = NodePath("../..")

[node name="Tree30" type="MeshInstance3D" parent="MultiMeshInstance3D"]
transform = Transform3D(0.939997, 0, 0.341184, 0, 1, 0, -0.341184, 0, 0.939997, 4.92392, 0, 10.1326)
mesh = ExtResource("10_ubbju")
skeleton = NodePath("../..")

[node name="Tree32" type="MeshInstance3D" parent="MultiMeshInstance3D"]
transform = Transform3D(0.939997, 0, 0.341184, 0, 1, 0, -0.341184, 0, 0.939997, 4.71371, 0, 12.6079)
mesh = ExtResource("10_ubbju")
skeleton = NodePath("../..")

[node name="Tree44" type="MeshInstance3D" parent="MultiMeshInstance3D"]
transform = Transform3D(0.93601, 0, -0.351972, 0, 1, 0, 0.351972, 0, 0.93601, 6.69391, 0, -25.924)
mesh = ExtResource("10_ubbju")
skeleton = NodePath("../..")

[node name="Tree61" type="MeshInstance3D" parent="MultiMeshInstance3D"]
transform = Transform3D(0.999934, 0, -0.0115015, 0, 1, 0, 0.0115015, 0, 0.999934, 6.28602, 0, -23.5273)
mesh = ExtResource("10_ubbju")
skeleton = NodePath("../..")

[node name="Tree62" type="MeshInstance3D" parent="MultiMeshInstance3D"]
transform = Transform3D(0.999934, 0, -0.0115015, 0, 1, 0, 0.0115015, 0, 0.999934, 6.26021, 0, -21.2841)
mesh = ExtResource("10_ubbju")
skeleton = NodePath("../..")

[node name="Tree33" type="MeshInstance3D" parent="MultiMeshInstance3D"]
transform = Transform3D(-0.999616, 0, 0.0276949, 0, 1, 0, -0.0276949, 0, -0.999616, 46.9949, 0, -6.14332)
mesh = ExtResource("10_ubbju")
skeleton = NodePath("../..")

[node name="Tree34" type="MeshInstance3D" parent="MultiMeshInstance3D"]
transform = Transform3D(-0.999616, 0, 0.0276949, 0, 1, 0, -0.0276949, 0, -0.999616, 45.4612, 0, -8.42995)
mesh = ExtResource("10_ubbju")
skeleton = NodePath("../..")

[node name="Tree35" type="MeshInstance3D" parent="MultiMeshInstance3D"]
transform = Transform3D(-0.999616, 0, 0.0276949, 0, 1, 0, -0.0276949, 0, -0.999616, 47.2046, 0, -10.0047)
mesh = ExtResource("10_ubbju")
skeleton = NodePath("../..")

[node name="Tree37" type="MeshInstance3D" parent="MultiMeshInstance3D"]
transform = Transform3D(-0.999616, 0, 0.0276949, 0, 1, 0, -0.0276949, 0, -0.999616, 45.8816, 0, -12.2855)
mesh = ExtResource("10_ubbju")
skeleton = NodePath("../..")

[node name="Tree38" type="MeshInstance3D" parent="MultiMeshInstance3D"]
transform = Transform3D(-0.999616, 0, 0.0276949, 0, 1, 0, -0.0276949, 0, -0.999616, 43.6051, 0, 1.54267)
mesh = ExtResource("10_ubbju")
skeleton = NodePath("../..")

[node name="Tree39" type="MeshInstance3D" parent="MultiMeshInstance3D"]
transform = Transform3D(-0.999616, 0, 0.0276949, 0, 1, 0, -0.0276949, 0, -0.999616, 43.726, 0, -0.700785)
mesh = ExtResource("10_ubbju")
skeleton = NodePath("../..")

[node name="Tree40" type="MeshInstance3D" parent="MultiMeshInstance3D"]
transform = Transform3D(-0.999616, 0, 0.0276949, 0, 1, 0, -0.0276949, 0, -0.999616, 44.8004, 0, -2.93933)
mesh = ExtResource("10_ubbju")
skeleton = NodePath("../..")

[node name="Tree41" type="MeshInstance3D" parent="MultiMeshInstance3D"]
transform = Transform3D(-0.999616, 0, 0.0276949, 0, 1, 0, -0.0276949, 0, -0.999616, 44.8625, 0, -5.18174)
mesh = ExtResource("10_ubbju")
skeleton = NodePath("../..")

[node name="Tree42" type="MeshInstance3D" parent="MultiMeshInstance3D"]
transform = Transform3D(-0.999616, -0.000573232, 0.027689, 0, 0.999786, 0.0206981, -0.0276949, 0.0206902, -0.999402, 43.5536, 0, -6.95076)
mesh = ExtResource("10_ubbju")
skeleton = NodePath("../..")

[node name="Tree43" type="MeshInstance3D" parent="MultiMeshInstance3D"]
transform = Transform3D(-0.999616, 0, 0.0276949, 0, 1, 0, -0.0276949, 0, -0.999616, 41.7339, 0, -8.06105)
mesh = ExtResource("10_ubbju")
skeleton = NodePath("../..")

[node name="Tree45" type="MeshInstance3D" parent="MultiMeshInstance3D"]
transform = Transform3D(-0.999616, 0, 0.0276949, 0, 1, 0, -0.0276949, 0, -0.999616, 43.2562, 0, -9.64192)
mesh = ExtResource("10_ubbju")
skeleton = NodePath("../..")

[node name="Tree46" type="MeshInstance3D" parent="MultiMeshInstance3D"]
transform = Transform3D(-0.999616, 0, 0.0276949, 0, 1, 0, -0.0276949, 0, -0.999616, 42.8526, 0, -11.8972)
mesh = ExtResource("10_ubbju")
skeleton = NodePath("../..")

[node name="Tree47" type="MeshInstance3D" parent="MultiMeshInstance3D"]
transform = Transform3D(-0.999616, 0, 0.0276949, 0, 1, 0, -0.0276949, 0, -0.999616, 41.2784, 0, 1.4015)
mesh = ExtResource("10_ubbju")
skeleton = NodePath("../..")

[node name="Tree48" type="MeshInstance3D" parent="MultiMeshInstance3D"]
transform = Transform3D(-0.999616, 0, 0.0276949, 0, 1, 0, -0.0276949, 0, -0.999616, 41.3, -1.90735e-06, -0.810691)
mesh = ExtResource("10_ubbju")
skeleton = NodePath("../..")

[node name="Tree70" type="MeshInstance3D" parent="MultiMeshInstance3D"]
transform = Transform3D(-0.999616, 0, 0.0276949, 0, 1, 0, -0.0276949, 0, -0.999616, 41.9423, 0, -3.01851)
mesh = ExtResource("10_ubbju")
skeleton = NodePath("../..")

[node name="Tree71" type="MeshInstance3D" parent="MultiMeshInstance3D"]
transform = Transform3D(-0.999616, 0, 0.0276949, 0, 1, 0, -0.0276949, 0, -0.999616, 42.0044, 0, -5.26092)
mesh = ExtResource("10_ubbju")
skeleton = NodePath("../..")

[node name="Tree72" type="MeshInstance3D" parent="MultiMeshInstance3D"]
transform = Transform3D(-0.949085, 0, -0.31502, 0, 1, 0, 0.31502, 0, -0.949085, 46.3539, 0, -20.015)
mesh = ExtResource("10_ubbju")
skeleton = NodePath("../..")

[node name="Tree73" type="MeshInstance3D" parent="MultiMeshInstance3D"]
transform = Transform3D(-0.949085, 0, -0.31502, 0, 1, 0, 0.31502, 0, -0.949085, 45.6472, 0, -22.1441)
mesh = ExtResource("10_ubbju")
skeleton = NodePath("../..")

[node name="Tree74" type="MeshInstance3D" parent="MultiMeshInstance3D"]
transform = Transform3D(-0.949085, 0, -0.31502, 0, 1, 0, 0.31502, 0, -0.949085, 44.2776, 0, -24.0531)
mesh = ExtResource("10_ubbju")
skeleton = NodePath("../..")

[node name="Tree75" type="MeshInstance3D" parent="MultiMeshInstance3D"]
transform = Transform3D(-0.949085, 0, -0.31502, 0, 1, 0, 0.31502, 0, -0.949085, 45.3899, 0, -26.1318)
mesh = ExtResource("10_ubbju")
skeleton = NodePath("../..")

[node name="Tree76" type="MeshInstance3D" parent="MultiMeshInstance3D"]
transform = Transform3D(-0.949085, 0, -0.31502, 0, 1, 0, 0.31502, 0, -0.949085, 45.1707, 0, -15.1968)
mesh = ExtResource("10_ubbju")
skeleton = NodePath("../..")

[node name="Tree77" type="MeshInstance3D" parent="MultiMeshInstance3D"]
transform = Transform3D(-0.949085, 0, -0.31502, 0, 1, 0, 0.31502, 0, -0.949085, 44.464, 0, -17.3259)
mesh = ExtResource("10_ubbju")
skeleton = NodePath("../..")

[node name="Tree78" type="MeshInstance3D" parent="MultiMeshInstance3D"]
transform = Transform3D(-0.896123, 0, -0.443806, 0, 1, 0, 0.443806, 0, -0.896123, 46.9175, 0, -16.7615)
mesh = ExtResource("10_ubbju")
skeleton = NodePath("../..")

[node name="Tree79" type="MeshInstance3D" parent="MultiMeshInstance3D"]
transform = Transform3D(-0.949085, 0, -0.31502, 0, 1, 0, 0.31502, 0, -0.949085, 44.1681, 0, -19.9179)
mesh = ExtResource("10_ubbju")
skeleton = NodePath("../..")

[node name="Tree80" type="MeshInstance3D" parent="MultiMeshInstance3D"]
transform = Transform3D(-0.949085, 0, -0.31502, 0, 1, 0, 0.31502, 0, -0.949085, 42.5968, 0, -21.8542)
mesh = ExtResource("10_ubbju")
skeleton = NodePath("../..")

[node name="Tree81" type="MeshInstance3D" parent="MultiMeshInstance3D"]
transform = Transform3D(-0.949085, 0, -0.31502, 0, 1, 0, 0.31502, 0, -0.949085, 40.7883, 0, -23.555)
mesh = ExtResource("10_ubbju")
skeleton = NodePath("../..")

[node name="Tree82" type="MeshInstance3D" parent="MultiMeshInstance3D"]
transform = Transform3D(-0.949085, 0, -0.31502, 0, 1, 0, 0.31502, 0, -0.949085, 42.3395, 0, -25.8419)
mesh = ExtResource("10_ubbju")
skeleton = NodePath("../..")

[node name="Tree83" type="MeshInstance3D" parent="MultiMeshInstance3D"]
transform = Transform3D(-0.949085, 0, -0.31502, 0, 1, 0, 0.31502, 0, -0.949085, 41.6329, 0, -27.9709)
mesh = ExtResource("10_ubbju")
skeleton = NodePath("../..")

[node name="Tree84" type="MeshInstance3D" parent="MultiMeshInstance3D"]
transform = Transform3D(-0.949085, 0, -0.31502, 0, 1, 0, 0.31502, 0, -0.949085, 42.457, 0, -14.2961)
mesh = ExtResource("10_ubbju")
skeleton = NodePath("../..")

[node name="Tree85" type="MeshInstance3D" parent="MultiMeshInstance3D"]
transform = Transform3D(-0.949085, 0, -0.31502, 0, 1, 0, 0.31502, 0, -0.949085, 41.7504, 0, -16.4251)
mesh = ExtResource("10_ubbju")
skeleton = NodePath("../..")

[node name="Tree86" type="MeshInstance3D" parent="MultiMeshInstance3D"]
transform = Transform3D(-0.949085, 0, -0.31502, 0, 1, 0, 0.31502, 0, -0.949085, 47.6544, 0, -13.6607)
mesh = ExtResource("10_ubbju")
skeleton = NodePath("../..")

[node name="Tree87" type="MeshInstance3D" parent="MultiMeshInstance3D"]
transform = Transform3D(-0.949085, 0, -0.31502, 0, 1, 0, 0.31502, 0, -0.949085, 42.029, 0, -18.8936)
mesh = ExtResource("10_ubbju")
skeleton = NodePath("../..")

[node name="Tree88" type="MeshInstance3D" parent="MultiMeshInstance3D"]
transform = Transform3D(-0.925904, 0, 0.37776, 0, 1, 0, -0.37776, 0, -0.925904, 41.9543, 0, 20.2714)
mesh = ExtResource("10_ubbju")
skeleton = NodePath("../..")

[node name="Tree89" type="MeshInstance3D" parent="MultiMeshInstance3D"]
transform = Transform3D(-0.925904, 0, 0.37776, 0, 1, 0, -0.37776, 0, -0.925904, 38.9825, 0, 19.5687)
mesh = ExtResource("10_ubbju")
skeleton = NodePath("../..")

[node name="Tree90" type="MeshInstance3D" parent="MultiMeshInstance3D"]
transform = Transform3D(-0.999232, 0, 0.0391901, 0, 1, 0, -0.0391901, 0, -0.999232, 45.1169, 0, 13.2027)
mesh = ExtResource("10_ubbju")
skeleton = NodePath("../..")

[node name="Tree91" type="MeshInstance3D" parent="MultiMeshInstance3D"]
transform = Transform3D(-0.999232, 0, 0.0391901, 0, 1, 0, -0.0391901, 0, -0.999232, 45.2049, 0, 10.9612)
mesh = ExtResource("10_ubbju")
skeleton = NodePath("../..")

[node name="Tree92" type="MeshInstance3D" parent="MultiMeshInstance3D"]
transform = Transform3D(-0.999232, 0, 0.0391901, 0, 1, 0, -0.0391901, 0, -0.999232, 44.5949, 0, 8.69225)
mesh = ExtResource("10_ubbju")
skeleton = NodePath("../..")

[node name="Tree93" type="MeshInstance3D" parent="MultiMeshInstance3D"]
transform = Transform3D(-0.999232, 0, 0.0391901, 0, 1, 0, -0.0391901, 0, -0.999232, 46.3676, 0, 7.1381)
mesh = ExtResource("10_ubbju")
skeleton = NodePath("../..")

[node name="Tree94" type="MeshInstance3D" parent="MultiMeshInstance3D"]
transform = Transform3D(-0.999232, 0, 0.0391901, 0, 1, 0, -0.0391901, 0, -0.999232, 42.3136, 0, 17.2962)
mesh = ExtResource("10_ubbju")
skeleton = NodePath("../..")

[node name="Tree95" type="MeshInstance3D" parent="MultiMeshInstance3D"]
transform = Transform3D(-0.999232, 0, 0.0391901, 0, 1, 0, -0.0391901, 0, -0.999232, 42.4016, 0, 15.0546)
mesh = ExtResource("10_ubbju")
skeleton = NodePath("../..")

[node name="Tree96" type="MeshInstance3D" parent="MultiMeshInstance3D"]
transform = Transform3D(-0.994988, 0, -0.099997, 0, 1, 0, 0.099997, 0, -0.994988, 44.4994, 0, 16.4464)
mesh = ExtResource("10_ubbju")
skeleton = NodePath("../..")

[node name="Tree97" type="MeshInstance3D" parent="MultiMeshInstance3D"]
transform = Transform3D(-0.999232, 0, 0.0391901, 0, 1, 0, -0.0391901, 0, -0.999232, 43.0369, 0, 12.5243)
mesh = ExtResource("10_ubbju")
skeleton = NodePath("../..")

[node name="Tree98" type="MeshInstance3D" parent="MultiMeshInstance3D"]
transform = Transform3D(-0.999232, 0, 0.0391901, 0, 1, 0, -0.0391901, 0, -0.999232, 42.2477, 0, 10.1589)
mesh = ExtResource("10_ubbju")
skeleton = NodePath("../..")

[node name="Tree99" type="MeshInstance3D" parent="MultiMeshInstance3D"]
transform = Transform3D(-0.999232, 0, 0.0391901, 0, 1, 0, -0.0391901, 0, -0.999232, 41.1535, 0, 7.93031)
mesh = ExtResource("10_ubbju")
skeleton = NodePath("../..")

[node name="Tree100" type="MeshInstance3D" parent="MultiMeshInstance3D"]
transform = Transform3D(-0.999232, 0, 0.0391901, 0, 1, 0, -0.0391901, 0, -0.999232, 43.4104, 0, 6.3358)
mesh = ExtResource("10_ubbju")
skeleton = NodePath("../..")

[node name="Tree101" type="MeshInstance3D" parent="MultiMeshInstance3D"]
transform = Transform3D(-0.999232, 0, 0.0391901, 0, 1, 0, -0.0391901, 0, -0.999232, 43.5642, 0, 4.086)
mesh = ExtResource("10_ubbju")
skeleton = NodePath("../..")

[node name="Tree102" type="MeshInstance3D" parent="MultiMeshInstance3D"]
transform = Transform3D(-0.999232, 0, 0.0391901, 0, 1, 0, -0.0391901, 0, -0.999232, 39.4566, 0, 17.1841)
mesh = ExtResource("10_ubbju")
skeleton = NodePath("../..")

[node name="Tree103" type="MeshInstance3D" parent="MultiMeshInstance3D"]
transform = Transform3D(-0.999232, 0, 0.0391901, 0, 1, 0, -0.0391901, 0, -0.999232, 39.5445, 0, 14.9426)
mesh = ExtResource("10_ubbju")
skeleton = NodePath("../..")

[node name="Tree104" type="MeshInstance3D" parent="MultiMeshInstance3D"]
transform = Transform3D(-0.999232, 0, 0.0391901, 0, 1, 0, -0.0391901, 0, -0.999232, 44.0977, 0, 19.6082)
mesh = ExtResource("10_ubbju")
skeleton = NodePath("../..")

[node name="Tree105" type="MeshInstance3D" parent="MultiMeshInstance3D"]
transform = Transform3D(-0.999232, 0, 0.0391901, 0, 1, 0, -0.0391901, 0, -0.999232, 40.6742, 0, 12.7302)
mesh = ExtResource("10_ubbju")
skeleton = NodePath("../..")

[node name="Tree106" type="MeshInstance3D" parent="MultiMeshInstance3D"]
transform = Transform3D(-0.999616, 0, 0.0276949, 0, 1, 0, -0.0276949, 0, -0.999616, 45.9807, 0, 1.60849)
mesh = ExtResource("10_ubbju")
skeleton = NodePath("../..")

[node name="Tree107" type="MeshInstance3D" parent="MultiMeshInstance3D"]
transform = Transform3D(-0.999616, 0, 0.0276949, 0, 1, 0, -0.0276949, 0, -0.999616, 46.1015, 0, -0.634969)
mesh = ExtResource("10_ubbju")
skeleton = NodePath("../..")

[node name="Tree108" type="MeshInstance3D" parent="MultiMeshInstance3D"]
transform = Transform3D(-0.999616, 0, 0.0276949, 0, 1, 0, -0.0276949, 0, -0.999616, 47.176, 0, -2.87351)
mesh = ExtResource("10_ubbju")
skeleton = NodePath("../..")

[node name="Tree109" type="MeshInstance3D" parent="MultiMeshInstance3D"]
transform = Transform3D(-0.999232, 0, 0.0391901, 0, 1, 0, -0.0391901, 0, -0.999232, 45.9398, 0, 4.15181)
mesh = ExtResource("10_ubbju")
skeleton = NodePath("../..")

[node name="Tree110" type="MeshInstance3D" parent="MultiMeshInstance3D"]
transform = Transform3D(-0.999616, 0, 0.0276949, 0, 1, 0, -0.0276949, 0, -0.999616, 41.1908, 0, 4.56215)
mesh = ExtResource("10_ubbju")
skeleton = NodePath("../..")

[node name="Tree111" type="MeshInstance3D" parent="MultiMeshInstance3D"]
transform = Transform3D(0.0427301, 0, 0.999087, 0, 1, 0, -0.999087, 0, 0.0427301, 22.6032, 0, 22.5586)
mesh = ExtResource("10_ubbju")
skeleton = NodePath("../..")

[node name="Tree112" type="MeshInstance3D" parent="MultiMeshInstance3D"]
transform = Transform3D(0.0427301, 0, 0.999087, 0, 1, 0, -0.999087, 0, 0.0427301, 24.9127, 0, 21.0595)
mesh = ExtResource("10_ubbju")
skeleton = NodePath("../..")

[node name="Tree113" type="MeshInstance3D" parent="MultiMeshInstance3D"]
transform = Transform3D(0.0427301, 0, 0.999087, 0, 1, 0, -0.999087, 0, 0.0427301, 26.461, 0, 22.8264)
mesh = ExtResource("10_ubbju")
skeleton = NodePath("../..")

[node name="Tree114" type="MeshInstance3D" parent="MultiMeshInstance3D"]
transform = Transform3D(0.0427301, 0, 0.999087, 0, 1, 0, -0.999087, 0, 0.0427301, 28.7614, 0, 21.5378)
mesh = ExtResource("10_ubbju")
skeleton = NodePath("../..")

[node name="Tree115" type="MeshInstance3D" parent="MultiMeshInstance3D"]
transform = Transform3D(0.0427301, 0, 0.999087, 0, 1, 0, -0.999087, 0, 0.0427301, 14.9691, 0, 19.0536)
mesh = ExtResource("10_ubbju")
skeleton = NodePath("../..")

[node name="Tree116" type="MeshInstance3D" parent="MultiMeshInstance3D"]
transform = Transform3D(0.0427301, 0, 0.999087, 0, 1, 0, -0.999087, 0, 0.0427301, 17.2105, 0, 19.2081)
mesh = ExtResource("10_ubbju")
skeleton = NodePath("../..")

[node name="Tree117" type="MeshInstance3D" parent="MultiMeshInstance3D"]
transform = Transform3D(0.0427301, 0, 0.999087, 0, 1, 0, -0.999087, 0, 0.0427301, 19.4326, 0, 20.3161)
mesh = ExtResource("10_ubbju")
skeleton = NodePath("../..")

[node name="Tree118" type="MeshInstance3D" parent="MultiMeshInstance3D"]
transform = Transform3D(0.0427301, 0, 0.999087, 0, 1, 0, -0.999087, 0, 0.0427301, 21.6738, 0, 20.412)
mesh = ExtResource("10_ubbju")
skeleton = NodePath("../..")

[node name="Tree119" type="MeshInstance3D" parent="MultiMeshInstance3D"]
transform = Transform3D(0.0427301, -0.0206792, 0.998873, 2.73126e-10, 0.999786, 0.0206981, -0.999087, -0.000884434, 0.042721, 23.4623, 0, 19.1298)
mesh = ExtResource("10_ubbju")
skeleton = NodePath("../..")

[node name="Tree120" type="MeshInstance3D" parent="MultiMeshInstance3D"]
transform = Transform3D(0.0427301, 0, 0.999087, 0, 1, 0, -0.999087, 0, 0.0427301, 24.5999, 0, 17.327)
mesh = ExtResource("10_ubbju")
skeleton = NodePath("../..")

[node name="Tree121" type="MeshInstance3D" parent="MultiMeshInstance3D"]
transform = Transform3D(0.0427301, 0, 0.999087, 0, 1, 0, -0.999087, 0, 0.0427301, 26.1577, 0, 18.8729)
mesh = ExtResource("10_ubbju")
skeleton = NodePath("../..")

[node name="Tree122" type="MeshInstance3D" parent="MultiMeshInstance3D"]
transform = Transform3D(0.0427301, 0, 0.999087, 0, 1, 0, -0.999087, 0, 0.0427301, 28.4188, 0, 18.5033)
mesh = ExtResource("10_ubbju")
skeleton = NodePath("../..")

[node name="Tree123" type="MeshInstance3D" parent="MultiMeshInstance3D"]
transform = Transform3D(0.0427301, 0, 0.999087, 0, 1, 0, -0.999087, 0, 0.0427301, 15.1452, 0, 16.7292)
mesh = ExtResource("10_ubbju")
skeleton = NodePath("../..")

[node name="Tree124" type="MeshInstance3D" parent="MultiMeshInstance3D"]
transform = Transform3D(0.0427301, 0, 0.999087, 0, 1, 0, -0.999087, 0, 0.0427301, 17.3569, -1.90735e-06, 16.7841)
mesh = ExtResource("10_ubbju")
skeleton = NodePath("../..")

[node name="Tree125" type="MeshInstance3D" parent="MultiMeshInstance3D"]
transform = Transform3D(0.0427301, 0, 0.999087, 0, 1, 0, -0.999087, 0, 0.0427301, 19.5548, 0, 17.4595)
mesh = ExtResource("10_ubbju")
skeleton = NodePath("../..")

[node name="Tree126" type="MeshInstance3D" parent="MultiMeshInstance3D"]
transform = Transform3D(0.0427301, 0, 0.999087, 0, 1, 0, -0.999087, 0, 0.0427301, 21.796, 0, 17.5554)
mesh = ExtResource("10_ubbju")
skeleton = NodePath("../..")

[node name="Tree127" type="MeshInstance3D" parent="MultiMeshInstance3D"]
transform = Transform3D(-0.300706, 0, 0.953717, 0, 1, 0, -0.953717, 0, -0.300706, 36.483, 0, 22.1263)
mesh = ExtResource("10_ubbju")
skeleton = NodePath("../..")

[node name="Tree128" type="MeshInstance3D" parent="MultiMeshInstance3D"]
transform = Transform3D(-0.300706, 0, 0.953717, 0, 1, 0, -0.953717, 0, -0.300706, 37.2427, 0, 16.3114)
mesh = ExtResource("10_ubbju")
skeleton = NodePath("../..")

[node name="Tree131" type="MeshInstance3D" parent="MultiMeshInstance3D"]
transform = Transform3D(-0.300706, 0, 0.953717, 0, 1, 0, -0.953717, 0, -0.300706, 31.6831, 0, 20.8708)
mesh = ExtResource("10_ubbju")
skeleton = NodePath("../..")

[node name="Tree132" type="MeshInstance3D" parent="MultiMeshInstance3D"]
transform = Transform3D(-0.300706, 0, 0.953717, 0, 1, 0, -0.953717, 0, -0.300706, 33.8226, 0, 20.1962)
mesh = ExtResource("10_ubbju")
skeleton = NodePath("../..")

[node name="Tree133" type="MeshInstance3D" parent="MultiMeshInstance3D"]
transform = Transform3D(-0.430275, 0, 0.902698, 0, 1, 0, -0.902698, 0, -0.430275, 33.2214, 0, 22.6409)
mesh = ExtResource("10_ubbju")
skeleton = NodePath("../..")

[node name="Tree134" type="MeshInstance3D" parent="MultiMeshInstance3D"]
transform = Transform3D(-0.300706, 0, 0.953717, 0, 1, 0, -0.953717, 0, -0.300706, 36.4187, 0, 19.9393)
mesh = ExtResource("10_ubbju")
skeleton = NodePath("../..")

[node name="Tree139" type="MeshInstance3D" parent="MultiMeshInstance3D"]
transform = Transform3D(-0.300706, 0, 0.953717, 0, 1, 0, -0.953717, 0, -0.300706, 30.8233, 0, 18.1439)
mesh = ExtResource("10_ubbju")
skeleton = NodePath("../..")

[node name="Tree140" type="MeshInstance3D" parent="MultiMeshInstance3D"]
transform = Transform3D(-0.300706, 0, 0.953717, 0, 1, 0, -0.953717, 0, -0.300706, 32.9628, 0, 17.4693)
mesh = ExtResource("10_ubbju")
skeleton = NodePath("../..")

[node name="Tree141" type="MeshInstance3D" parent="MultiMeshInstance3D"]
transform = Transform3D(-0.300706, 0, 0.953717, 0, 1, 0, -0.953717, 0, -0.300706, 30.1098, 0, 23.3311)
mesh = ExtResource("10_ubbju")
skeleton = NodePath("../..")

[node name="Tree142" type="MeshInstance3D" parent="MultiMeshInstance3D"]
transform = Transform3D(-0.300706, 0, 0.953717, 0, 1, 0, -0.953717, 0, -0.300706, 35.4268, 0, 17.7851)
mesh = ExtResource("10_ubbju")
skeleton = NodePath("../..")

[node name="Tree147" type="MeshInstance3D" parent="MultiMeshInstance3D"]
transform = Transform3D(0.0542183, 0, 0.998529, 0, 1, 0, -0.998529, 0, 0.0542183, 7.80543, 0, 19.9356)
mesh = ExtResource("10_ubbju")
skeleton = NodePath("../..")

[node name="Tree148" type="MeshInstance3D" parent="MultiMeshInstance3D"]
transform = Transform3D(0.0542183, 0, 0.998529, 0, 1, 0, -0.998529, 0, 0.0542183, 9.33274, 0, 21.7316)
mesh = ExtResource("10_ubbju")
skeleton = NodePath("../..")

[node name="Tree154" type="MeshInstance3D" parent="MultiMeshInstance3D"]
transform = Transform3D(0.0542183, 0, 0.998529, 0, 1, 0, -0.998529, 0, 0.0542183, 8.61905, 0, 16.5062)
mesh = ExtResource("10_ubbju")
skeleton = NodePath("../..")

[node name="Tree155" type="MeshInstance3D" parent="MultiMeshInstance3D"]
transform = Transform3D(0.0542183, 0, 0.998529, 0, 1, 0, -0.998529, 0, 0.0542183, 10.1794, 0, 18.7867)
mesh = ExtResource("10_ubbju")
skeleton = NodePath("../..")

[node name="Tree156" type="MeshInstance3D" parent="MultiMeshInstance3D"]
transform = Transform3D(0.0542183, 0, 0.998529, 0, 1, 0, -0.998529, 0, 0.0542183, 12.4267, 0, 18.9744)
mesh = ExtResource("10_ubbju")
skeleton = NodePath("../..")

[node name="Tree161" type="MeshInstance3D" parent="MultiMeshInstance3D"]
transform = Transform3D(0.0427301, 0, 0.999087, 0, 1, 0, -0.999087, 0, 0.0427301, 14.8675, 0, 21.4279)
mesh = ExtResource("10_ubbju")
skeleton = NodePath("../..")

[node name="Tree162" type="MeshInstance3D" parent="MultiMeshInstance3D"]
transform = Transform3D(0.0427301, 0, 0.999087, 0, 1, 0, -0.999087, 0, 0.0427301, 17.1089, 0, 21.5824)
mesh = ExtResource("10_ubbju")
skeleton = NodePath("../..")

[node name="Tree163" type="MeshInstance3D" parent="MultiMeshInstance3D"]
transform = Transform3D(0.0427301, 0, 0.999087, 0, 1, 0, -0.999087, 0, 0.0427301, 19.3311, 0, 22.6904)
mesh = ExtResource("10_ubbju")
skeleton = NodePath("../..")

[node name="Tree164" type="MeshInstance3D" parent="MultiMeshInstance3D"]
transform = Transform3D(0.0542183, 0, 0.998529, 0, 1, 0, -0.998529, 0, 0.0542183, 12.3251, 0, 21.3487)
mesh = ExtResource("10_ubbju")
skeleton = NodePath("../..")

